apple 3913.76 2360.51 4067.66 2505.86 0.64
orange 2329.88 1182.75 2432.48 1281.07 0.4
apple 4063.39 1353.75 4187.36 1460.62 0.4
apple 2428.2 1694.68 2526.53 1827.21 0.38
apple 3050.21 1565.36 3131.44 1659.41 0.37
apple 2259.34 2166.0 2374.76 2298.53 0.36
apple 3490.54 2347.69 3593.14 2454.56 0.34
apple 3768.41 1066.26 3883.84 1158.17 0.31
apple 3875.29 1830.41 3982.16 1962.94 0.3
apple 3041.66 3350.18 3135.71 3444.23 0.28
orange 2317.05 1926.6 2398.28 2035.61 0.27
apple 3142.12 2369.06 3249.0 2480.21 0.27
apple 2949.75 1390.09 3043.8 1496.96 0.26
