orange 3601.69 1548.26 3691.46 1653.0 0.51
orange 4069.8 1336.65 4193.77 1460.62 0.44
orange 4232.25 1253.29 4334.85 1353.75 0.42
apple 1969.71 1223.36 2082.99 1343.06 0.42
orange 3770.55 2743.13 3868.88 2850.0 0.4
orange 3306.71 1703.23 3413.59 1807.97 0.34
apple 4621.27 1964.01 4732.43 2073.02 0.34
orange 2167.43 1723.54 2270.03 1826.14 0.32
orange 3862.46 2460.98 3960.79 2567.85 0.31
orange 2498.74 1834.69 2584.24 1911.64 0.27
apple 3858.19 2460.98 3960.79 2567.85 0.26
apple 2864.25 1710.71 2962.57 1800.49 0.26
orange 3635.89 1720.33 3759.86 1822.93 0.25
