apple 207 3900 323 4016
apple 14 2009 95 2095
apple 2 2639 37 2684
apple 3 2685 72 2776
apple 1274 4258 1354 4370
apple 1115 3933 1249 4072
apple 1457 3815 1560 3923
apple 398 3078 496 3178
apple 538 3515 640 3613
apple 1088 3515 1186 3604
apple 1247 3241 1337 3329
apple 1412 3345 1528 3449
apple 1581 3508 1680 3620
apple 917 2558 1041 2674
apple 980 2681 1103 2797
apple 1166 2648 1289 2749
apple 1267 2569 1369 2678
apple 1334 2712 1438 2819
apple 1580 3913 1681 4007
apple 1958 3665 2077 3788
apple 2092 3695 2209 3817
apple 2058 3797 2147 3889
apple 2312 3946 2409 4051
apple 1803 3918 1879 4006
apple 2500 4340 2622 4466
apple 2571 4333 2666 4426
apple 2536 4124 2656 4241
apple 2582 4194 2702 4319
apple 2518 3807 2607 3912
apple 2833 3813 2944 3924
apple 2030 1342 2115 1433
apple 2088 894 2168 979
apple 1753 1476 1846 1572
apple 1741 1561 1833 1640
apple 1877 1547 1966 1634
apple 1734 1687 1827 1773
apple 1955 1741 2055 1850
apple 2058 1699 2168 1822
apple 2162 1709 2240 1810
apple 2237 1690 2318 1781
apple 1852 1917 1946 2010
apple 1939 1953 2031 2052
apple 2101 1921 2187 2010
apple 2166 1976 2248 2064
apple 2000 2035 2103 2124
apple 1988 2105 2095 2217
apple 1733 1984 1828 2080
apple 1614 2057 1707 2154
apple 1648 2213 1747 2308
apple 1545 2419 1618 2481
apple 1929 2352 2029 2449
apple 1818 2478 1924 2587
apple 1997 2545 2103 2652
apple 2139 2483 2226 2569
apple 2252 2419 2338 2509
apple 2288 2343 2362 2420
apple 2315 2465 2401 2554
apple 2031 3449 2126 3550
apple 2096 3475 2199 3576
apple 2092 3132 2206 3237
apple 2045 3155 2126 3234
apple 1779 3050 1885 3156
apple 1789 2673 1908 2797
apple 1937 2822 2021 2921
apple 2012 2803 2104 2898
apple 2206 2837 2299 2929
apple 2316 2929 2417 3031
apple 2366 3103 2455 3185
apple 3396 2476 3518 2583
apple 2609 3456 2741 3558
apple 2294 3299 2364 3362
apple 2303 3188 2392 3270
apple 228 3660 335 3765
apple 311 3576 406 3671
apple 2166 1853 2259 1943
apple 1 1879 47 1981
apple 2903 2927 2958 2978
apple 2647 3085 2697 3131
apple 2586 2780 2633 2829
apple 2658 2689 2704 2729
apple 2863 2653 2916 2704
apple 3076 2854 3127 2901
apple 3003 2613 3057 2664
apple 3117 3154 3170 3207
apple 3138 3071 3186 3115
apple 1266 2422 1358 2511
