apple 1915 3387 2024 3506
apple 2093 3241 2212 3368
apple 2105 3149 2214 3253
apple 2211 3377 2321 3487
apple 1517 2819 1624 2913
apple 1588 2735 1710 2853
apple 1714 2792 1820 2877
apple 1981 2893 2069 2980
apple 1699 2568 1783 2668
apple 1569 2519 1662 2606
apple 1520 2414 1600 2505
apple 1435 2526 1526 2613
apple 1690 2465 1797 2558
apple 1803 2506 1910 2609
apple 1446 2112 1556 2222
apple 1649 1899 1756 1986
apple 1637 2030 1743 2123
apple 1799 2149 1911 2248
apple 1969 2268 2062 2374
apple 2056 2260 2158 2366
apple 2109 2360 2226 2450
apple 2097 2389 2226 2509
apple 2372 2472 2446 2536
apple 2301 2547 2383 2612
apple 2384 2588 2433 2637
apple 2304 3396 2372 3468
apple 2184 3437 2296 3558
apple 2362 3696 2465 3792
apple 2417 3789 2533 3898
apple 3375 3561 3476 3652
apple 3536 3644 3635 3744
apple 2669 2513 2726 2567
apple 2291 2711 2344 2762
apple 1934 2746 2019 2821
apple 1886 2806 1979 2913
apple 1535 3471 1609 3555
