apple 1235 3781 1265 3812
apple 1300 3831 1378 3915
apple 1213 4358 1363 4515
apple 1386 4415 1505 4573
apple 2714 4458 2826 4591
apple 2410 4125 2534 4263
apple 1703 3666 1775 3760
apple 1892 3601 1970 3685
apple 1916 3694 2012 3798
apple 2114 3858 2177 3938
apple 2114 3615 2229 3719
apple 2135 3456 2233 3558
apple 2096 3284 2194 3395
apple 1819 3295 1897 3400
apple 2378 1845 2476 1950
apple 2313 1771 2386 1848
apple 1987 1613 2062 1689
apple 2030 1308 2135 1418
apple 1968 1753 2044 1834
apple 2178 2019 2286 2128
apple 2095 2063 2210 2180
apple 2167 2161 2268 2261
apple 2210 2197 2319 2312
apple 1813 1945 1902 2036
apple 1804 2251 1916 2378
apple 1883 2365 1983 2477
apple 1965 2368 2056 2475
apple 1526 2512 1632 2616
apple 1654 2480 1750 2566
apple 1338 2695 1411 2766
apple 1658 2686 1792 2829
apple 1984 2614 2096 2735
apple 1922 2688 2032 2796
apple 2076 2532 2189 2651
apple 2192 2751 2312 2868
apple 2152 2590 2237 2678
apple 2123 2806 2255 2924
apple 3536 3873 3647 4020
apple 2013 3827 2106 3914
apple 2486 2215 2534 2266
apple 2834 2521 2893 2583
apple 1505 2872 1593 2966
apple 1302 2848 1359 2902
