apple 139 1645 210 1717
apple 70 1718 151 1801
apple 103 1962 183 2030
apple 103 2031 190 2117
apple 170 2132 263 2220
apple 68 2248 166 2334
apple 166 2269 230 2338
apple 74 2516 173 2605
apple 156 2420 251 2500
apple 159 2445 240 2513
apple 156 2466 249 2551
apple 248 2541 306 2625
apple 114 2587 216 2678
apple 78 2657 169 2736
apple 1 2692 41 2772
apple 282 2617 364 2692
apple 377 2643 470 2727
apple 222 2723 307 2804
apple 313 2796 403 2881
apple 68 2827 144 2905
apple 135 2828 213 2912
apple 326 2937 414 3021
apple 580 2881 668 2965
apple 503 2902 581 2977
apple 412 2934 490 3015
apple 29 3177 136 3272
apple 99 3151 192 3234
apple 115 3292 199 3372
apple 352 3201 448 3289
apple 132 3526 235 3622
apple 4 3828 92 3912
apple 309 3780 407 3878
apple 227 3888 295 3969
apple 290 3882 366 3954
apple 336 3947 412 4017
apple 44 4248 137 4334
apple 34 4322 139 4417
apple 413 4399 514 4508
apple 1030 4351 1115 4438
apple 962 3816 1048 3897
apple 1016 3747 1114 3850
apple 873 3555 971 3650
apple 982 3567 1080 3669
apple 888 3673 983 3777
apple 1169 3452 1275 3558
apple 705 3391 780 3464
apple 1017 2998 1106 3081
apple 2034 3907 2157 4040
apple 1634 3543 1723 3630
apple 1608 3751 1666 3798
apple 2391 3707 2529 3847
apple 2671 3711 2785 3824
apple 2759 3867 2876 3970
apple 2204 3637 2289 3718
apple 2110 3711 2208 3801
apple 2257 3810 2345 3887
apple 2237 3862 2298 3924
apple 2515 3687 2620 3772
apple 1779 1181 1865 1270
apple 1783 2026 1871 2117
apple 1943 1983 2017 2052
apple 1926 2039 1982 2107
apple 2062 2084 2173 2193
apple 1940 2145 2035 2250
apple 2052 2244 2122 2319
apple 2198 2198 2272 2280
apple 2313 2238 2377 2310
apple 2204 2421 2296 2510
apple 1834 2149 1929 2244
apple 1844 2259 1949 2368
apple 1530 2162 1601 2242
apple 1634 2168 1717 2256
apple 1439 2262 1518 2346
apple 1652 2366 1740 2463
apple 1768 2421 1869 2528
apple 1849 2478 1927 2554
apple 1697 2465 1788 2553
apple 1688 2549 1789 2648
apple 1505 2428 1579 2508
apple 1549 2532 1647 2620
apple 1616 2620 1681 2699
apple 1699 2697 1801 2795
apple 1644 2815 1727 2880
apple 2536 2684 2639 2785
apple 2625 2864 2731 2960
apple 2433 2772 2528 2871
apple 1985 2753 2051 2815
apple 2 3379 80 3486
apple 1396 2876 1475 2949
apple 92 2589 191 2673
