apple 531 4348 654 4471
apple 951 4428 1071 4565
apple 1236 4629 1348 4749
apple 1024 4040 1146 4165
apple 1042 4180 1186 4316
apple 1455 4057 1563 4173
apple 1701 4052 1801 4161
apple 1140 3732 1231 3843
apple 1249 3695 1355 3814
apple 1649 3679 1753 3791
apple 1560 3401 1649 3503
apple 1537 3556 1623 3640
apple 1315 3421 1424 3537
apple 1371 3163 1448 3258
apple 1232 3031 1333 3133
apple 1371 3008 1484 3122
apple 1434 3039 1557 3156
apple 1602 2970 1707 3076
apple 1665 2986 1754 3074
apple 1652 2760 1751 2855
apple 1366 2612 1475 2722
apple 1687 2578 1798 2686
apple 1903 2462 2005 2565
apple 2144 2472 2247 2577
apple 1670 2460 1759 2566
apple 1395 2414 1496 2521
apple 1487 2307 1579 2391
apple 1600 2263 1719 2376
apple 1718 2244 1798 2336
apple 1850 1967 1955 2069
apple 1570 1999 1668 2100
apple 1412 1945 1508 2034
apple 1288 2065 1394 2171
apple 1529 1665 1631 1778
apple 1637 1763 1711 1830
apple 1737 1881 1797 1936
apple 1933 1652 2032 1754
apple 1972 1564 2067 1662
apple 2301 1734 2391 1826
apple 2320 1706 2422 1799
apple 1939 1789 2023 1879
apple 1988 1799 2092 1898
apple 2396 2288 2516 2412
apple 2566 2390 2664 2498
apple 2425 2792 2527 2901
apple 2207 2813 2289 2884
apple 2207 3349 2302 3448
apple 2271 3372 2362 3458
apple 2303 3519 2402 3606
apple 2025 3701 2134 3818
apple 2080 4122 2208 4240
apple 1986 4140 2091 4268
apple 2095 3851 2218 3968
apple 2191 3939 2283 4040
apple 2405 3957 2517 4069
apple 2039 4302 2154 4405
apple 2136 4510 2259 4654
apple 2218 4497 2325 4620
apple 3119 4270 3234 4390
apple 3226 4157 3331 4263
apple 3020 4176 3129 4299
apple 3116 4048 3184 4112
apple 2847 4010 2942 4116
apple 2735 3859 2862 3972
apple 2681 3937 2806 4077
apple 2663 3635 2755 3722
apple 2973 3044 3067 3135
apple 2643 2788 2721 2886
apple 2002 956 2066 1026
apple 1526 1160 1598 1231
apple 2221 2014 2296 2092
apple 2490 3134 2558 3207
apple 1200 3766 1301 3869
apple 2028 1540 2089 1595
apple 1587 2868 1679 2956
apple 1419 2031 1496 2100
