apple 431 1699 526 1790
apple 357 1747 453 1835
apple 255 1718 357 1816
apple 191 1810 288 1900
apple 3 2041 63 2124
apple 1 2186 36 2281
apple 1 2395 86 2493
apple 85 2627 190 2717
apple 1 3457 70 3547
apple 144 3530 259 3631
apple 431 3830 523 3931
apple 7 3678 98 3790
apple 1 3787 24 3867
apple 3 4020 91 4123
apple 99 3902 174 3979
apple 1066 4132 1198 4259
apple 1276 4230 1404 4362
apple 1363 4144 1467 4246
apple 1480 4192 1588 4315
apple 1687 4071 1834 4192
apple 2017 3936 2155 4077
apple 1690 3802 1804 3932
apple 1599 3857 1702 3959
apple 1438 3867 1535 3965
apple 1170 3662 1261 3761
apple 1161 3763 1257 3851
apple 1366 3774 1458 3871
apple 1535 3675 1652 3789
apple 1440 3574 1553 3688
apple 1090 3294 1195 3394
apple 1212 3302 1310 3402
apple 1060 3331 1147 3416
apple 1247 3439 1350 3540
apple 1583 3228 1681 3325
apple 1158 3049 1256 3147
apple 1438 3075 1533 3172
apple 1695 2935 1803 3032
apple 1581 2781 1686 2883
apple 1695 2627 1794 2725
apple 2463 4063 2558 4161
apple 2457 4112 2547 4196
apple 2769 3912 2888 4036
apple 2724 3931 2835 4046
apple 3125 3889 3233 4006
apple 3304 3869 3423 3980
apple 3165 3413 3227 3476
apple 1755 3643 1845 3745
apple 1786 3662 1903 3785
apple 1834 3578 1933 3665
apple 1931 3633 2028 3737
apple 2087 3712 2200 3822
apple 2011 3810 2105 3906
apple 1915 2855 2018 2959
apple 1915 2989 2017 3086
apple 2050 3143 2149 3234
apple 1604 2334 1707 2447
apple 1744 2339 1844 2449
apple 1832 2333 1937 2439
apple 1656 2069 1735 2163
apple 1784 2081 1886 2190
apple 1865 1286 1964 1379
apple 1914 1326 1991 1403
apple 1812 1479 1906 1589
apple 1953 1626 2057 1739
apple 1965 1747 2079 1862
apple 1943 1792 2028 1887
apple 2099 1995 2199 2099
apple 1886 2229 1983 2333
apple 2351 2107 2450 2213
apple 2043 2385 2146 2482
apple 2074 2488 2179 2581
apple 2017 2596 2117 2693
apple 1890 2624 1985 2723
apple 2015 2723 2113 2822
apple 2390 3411 2498 3513
apple 3577 3505 3645 3592
