apple 810 3775 903 3873
apple 872 3927 962 4023
apple 938 3979 1038 4073
apple 1020 3974 1106 4052
apple 1084 3862 1177 3969
apple 1165 3843 1252 3937
apple 1157 4198 1266 4303
apple 1572 4618 1677 4749
apple 2285 4241 2382 4339
apple 1257 3722 1346 3817
apple 1273 3598 1354 3682
apple 1331 3608 1423 3698
apple 1483 3502 1553 3570
apple 1502 3623 1576 3708
apple 1295 3848 1398 3955
apple 1401 3817 1503 3920
apple 2179 4064 2268 4171
apple 2280 4050 2380 4157
apple 2224 4140 2317 4228
apple 2085 4069 2158 4158
apple 2134 3962 2239 4065
apple 1878 3917 1981 4030
apple 1587 4056 1697 4176
apple 1810 3638 1922 3744
apple 1995 3593 2096 3696
apple 1856 3555 1943 3644
apple 1689 3519 1775 3606
apple 1719 3406 1811 3502
apple 1830 3304 1932 3417
apple 1574 3153 1664 3249
apple 1606 3244 1689 3334
apple 1778 3123 1872 3215
apple 1803 3034 1889 3123
apple 1861 3088 1949 3170
apple 1978 3074 2070 3154
apple 2103 3122 2192 3207
apple 1849 2868 1945 2966
apple 1890 2700 1975 2782
apple 1948 2717 2033 2796
apple 1973 2758 2071 2850
apple 1712 2497 1801 2581
apple 1845 2584 1927 2660
apple 2044 2462 2153 2573
apple 2009 2420 2103 2505
apple 1977 2483 2050 2556
apple 1737 2470 1821 2546
apple 1589 2100 1677 2190
apple 1819 2173 1914 2270
apple 1614 1043 1707 1141
apple 1978 1141 2069 1244
apple 1762 1231 1854 1334
apple 1899 1254 1995 1355
apple 1982 1360 2041 1429
apple 1849 1651 1941 1741
apple 1870 1792 1956 1873
apple 2195 1687 2286 1779
apple 2080 1641 2156 1729
apple 2373 1799 2466 1895
apple 2208 1920 2321 2025
apple 2136 1950 2222 2031
apple 1994 2070 2099 2181
apple 2339 1976 2425 2052
apple 2310 1984 2423 2095
apple 2173 2033 2267 2134
apple 2134 2103 2235 2212
apple 2277 2167 2369 2263
apple 2351 2224 2460 2318
apple 2177 2280 2265 2366
apple 2189 2368 2275 2462
apple 2126 2394 2235 2497
apple 2212 2460 2293 2532
apple 2304 2451 2399 2534
apple 2456 2292 2555 2395
apple 2417 2368 2513 2454
apple 2354 2528 2448 2623
apple 2271 2304 2370 2402
apple 2316 2253 2405 2342
apple 2265 2682 2351 2767
apple 2320 2682 2407 2764
apple 2461 2638 2546 2722
apple 2581 2625 2673 2716
apple 2195 2850 2286 2942
apple 2299 2942 2400 3034
apple 2431 2967 2529 3061
apple 2269 3177 2341 3242
apple 2271 3227 2370 3319
apple 1982 3494 2059 3577
apple 1863 3815 1925 3880
apple 2252 3541 2346 3644
apple 2398 3447 2488 3538
apple 2526 3308 2633 3411
apple 3379 4155 3484 4256
apple 3123 3736 3226 3841
apple 3383 3357 3492 3466
apple 3164 3350 3269 3444
apple 3180 3591 3274 3687
apple 3271 3552 3374 3663
apple 3227 3457 3321 3555
apple 3119 3465 3230 3575
apple 2909 3152 3010 3247
apple 3240 2751 3336 2852
apple 3601 1865 3648 1941
apple 3547 1971 3631 2065
apple 1416 3961 1512 4059
