apple 25 2306 121 2402
apple 169 3346 255 3428
apple 254 3949 367 4062
apple 244 4095 324 4175
apple 565 3808 665 3897
apple 734 3933 817 4031
apple 849 3907 952 4009
apple 810 4575 903 4677
apple 937 4470 1045 4586
apple 1092 4299 1203 4411
apple 1213 4346 1314 4453
apple 1265 4234 1364 4337
apple 1381 4134 1472 4235
apple 1419 4222 1514 4329
apple 1582 4428 1681 4535
apple 2179 4130 2277 4245
apple 2226 4065 2348 4181
apple 2140 3994 2231 4085
apple 2331 3664 2409 3742
apple 1777 3904 1879 4013
apple 1712 3829 1816 3931
apple 1156 3570 1264 3670
apple 1209 3807 1312 3905
apple 1495 3820 1594 3919
apple 1565 3664 1664 3750
apple 1675 3609 1769 3705
apple 1491 3528 1597 3634
apple 1494 3414 1597 3518
apple 2012 3825 2122 3933
apple 1890 3761 1997 3868
apple 2117 3715 2216 3811
apple 3388 4275 3505 4393
apple 3339 4090 3436 4181
apple 3471 4014 3559 4102
apple 3582 4058 3646 4151
apple 3521 3544 3622 3645
apple 3443 3540 3539 3631
apple 3587 3403 3647 3486
apple 2299 3562 2371 3626
apple 2197 3579 2287 3672
apple 2144 3487 2252 3580
apple 2131 3418 2222 3498
apple 2023 3406 2124 3508
apple 2182 3341 2281 3444
apple 2212 3254 2317 3340
apple 2209 3149 2320 3248
apple 2090 3259 2173 3344
apple 1980 3281 2057 3360
apple 1781 3281 1872 3376
apple 1610 3270 1699 3345
apple 1609 3328 1695 3414
apple 1544 3340 1623 3429
apple 1670 3072 1766 3166
apple 1702 3164 1800 3250
apple 1843 3164 1937 3254
apple 1936 3054 2037 3164
apple 2017 2998 2117 3095
apple 1974 2979 2059 3053
apple 2039 4142 2143 4243
apple 2522 3301 2609 3381
apple 2280 2836 2379 2937
apple 1994 2676 2091 2768
apple 2012 2721 2111 2808
apple 2014 2766 2118 2875
apple 1802 2703 1887 2790
apple 1929 2605 2015 2695
apple 1882 1919 1962 2005
apple 1735 2141 1824 2236
apple 1911 2166 2001 2256
apple 1827 2239 1924 2333
apple 1787 2318 1877 2405
apple 1855 2318 1958 2415
apple 2028 2235 2113 2334
apple 2047 2342 2140 2421
apple 2206 2403 2307 2497
apple 1978 1507 2075 1597
