apple 291 2936 382 3019
apple 197 3048 293 3135
apple 105 3159 192 3244
apple 1 3173 67 3255
apple 82 3292 171 3377
apple 51 3753 146 3841
apple 1272 4064 1378 4180
apple 1142 3915 1277 4061
apple 880 3715 964 3789
apple 945 3685 1031 3774
apple 1014 3686 1108 3782
apple 981 3174 1080 3273
apple 1096 3227 1197 3336
apple 1157 3149 1269 3264
apple 1143 3032 1239 3134
apple 1304 3095 1401 3191
apple 1325 3357 1425 3460
apple 1231 3423 1346 3539
apple 1194 3500 1294 3609
apple 1510 3357 1613 3462
apple 1457 3166 1539 3263
apple 1645 3131 1742 3229
apple 1711 3080 1791 3165
apple 1469 3785 1601 3898
apple 1611 3851 1751 3991
apple 1738 3857 1856 3972
apple 1833 3846 1924 3945
apple 1641 3466 1733 3561
apple 1682 3635 1773 3720
apple 1931 3488 2032 3582
apple 1369 2281 1461 2366
apple 1614 2310 1712 2413
apple 1707 2267 1791 2345
apple 1741 2203 1827 2294
apple 1615 2786 1720 2893
apple 1820 2713 1919 2814
apple 1923 2649 2015 2742
apple 1842 2577 1944 2676
apple 1820 2423 1928 2530
apple 1853 2478 1970 2577
apple 2080 2569 2172 2660
apple 1838 2937 1934 3026
apple 1893 3071 1976 3155
apple 1971 3056 2062 3147
apple 2146 2952 2242 3038
apple 2128 3057 2225 3157
apple 1957 3156 2055 3246
apple 2013 3215 2111 3318
apple 1980 4069 2089 4172
apple 1977 3990 2085 4096
apple 2141 3916 2238 4010
apple 2192 4064 2304 4186
apple 2023 4233 2148 4373
apple 2482 3996 2588 4106
apple 2467 3776 2570 3891
apple 2216 3703 2307 3787
apple 2372 3672 2461 3770
apple 2282 3271 2379 3362
apple 2111 3359 2233 3471
apple 2298 3539 2380 3631
apple 2166 3586 2224 3637
apple 2020 3587 2084 3651
apple 1921 2255 2032 2362
apple 2005 2525 2061 2584
apple 2289 2707 2393 2799
apple 1731 1980 1825 2072
apple 1802 2085 1905 2178
apple 1880 2001 1968 2086
apple 2041 1972 2156 2103
apple 2131 2091 2216 2180
apple 2313 2029 2406 2126
apple 2366 2185 2475 2286
apple 2360 2333 2465 2441
apple 2152 2312 2261 2409
apple 2042 2239 2148 2347
apple 2078 2384 2125 2437
apple 1643 1464 1722 1542
apple 1982 1128 2066 1212
apple 1972 1219 2081 1315
apple 1994 1284 2091 1383
apple 1859 1316 1946 1398
apple 2087 1392 2188 1492
apple 1826 1635 1904 1720
apple 2144 1558 2234 1655
apple 2073 1639 2189 1747
apple 2169 1689 2263 1786
apple 1996 1752 2084 1856
apple 2119 1814 2211 1913
apple 2189 1816 2287 1913
apple 2158 1888 2261 1987
apple 2260 1888 2343 1982
