apple 137 1822 225 1915
apple 237 2046 333 2141
apple 100 2227 199 2324
apple 201 2227 267 2284
apple 3 2242 74 2343
apple 60 2332 133 2396
apple 21 2370 132 2475
apple 1 2532 34 2611
apple 200 2669 296 2748
apple 75 2732 177 2842
apple 1 2931 34 3033
apple 125 3361 208 3453
apple 177 3424 256 3506
apple 63 3519 159 3611
apple 2 3669 24 3743
apple 0 4134 95 4258
apple 1019 4167 1115 4266
apple 2213 4221 2307 4321
apple 2779 3961 2896 4084
apple 2725 3889 2783 3957
apple 2916 3764 3012 3871
apple 2691 3628 2775 3714
apple 2089 3955 2204 4090
apple 1785 3893 1841 3945
apple 1550 3687 1643 3785
apple 1611 3739 1710 3842
apple 1781 3638 1878 3730
apple 1778 3730 1866 3818
apple 1617 3066 1717 3167
apple 1555 2941 1656 3050
apple 1675 2936 1781 3041
apple 1729 2861 1821 2959
apple 1788 2832 1876 2914
apple 1893 2893 1988 2992
apple 2034 2889 2101 2970
apple 2027 2755 2141 2868
apple 2002 3044 2105 3162
apple 2123 3094 2212 3188
apple 1926 3194 2029 3293
apple 1828 3455 1937 3556
apple 2095 3889 2194 3970
apple 1737 4024 1792 4077
apple 1379 4011 1439 4077
apple 2760 3113 2841 3201
apple 2911 3126 3024 3237
apple 2348 2695 2441 2789
apple 2242 2654 2338 2744
apple 2055 2562 2142 2653
apple 2100 2421 2220 2541
apple 1950 2253 2053 2358
apple 2055 1908 2163 2028
apple 2248 1980 2354 2094
apple 2298 1531 2401 1636
apple 1875 1563 1961 1654
apple 1832 1277 1926 1373
apple 1905 1356 1997 1457
apple 1981 1392 2060 1471
apple 1896 1886 1997 1990
apple 2123 1490 2183 1549
apple 1900 1189 1967 1254
apple 1989 3666 2050 3739
apple 119 4346 195 4443
apple 368 4471 475 4570
